# хват оружия v1 — собирает Art/grips_v1.py (export); не править руками
weapon mg twist 34
chest -0.1576 0.1758 0.4084 -0.0424 -0.3761 0.0012 0.9256
hand R -0.0033 -0.0632 -0.172 -0.6368 0.08 0.0646 0.7641
elbow R 0.1729 -0.1467 -0.3515
fingers R 0 0 -0.1067 0.9943 0 0 -0.1521 0.9884 0 0 -0.1219 0.9925 0 0 -0.5373 0.8434 0 0 -0.3827 0.9239 0 0 -0.2714 0.9625 0 0 -0.6088 0.7934 0 0 -0.3007 0.9537 0 0 -0.2122 0.9772 0 0 -0.6088 0.7934 0 0 -0.2164 0.9763 0 0 -0.1521 0.9884 -0.4924 -0.4924 -0.4132 0.5868 0.2605 -0.1503 0 0.9537 0.2095 -0.1209 0 0.9703
hand L -0.0478 -0.0628 0.1916 -0.3525 -0.1938 0.6713 0.6225
elbow L -0.1982 -0.1539 -0.0067
fingers L 0 0 0.766 0.6428 0 0 0.7934 0.6088 0 0 0.5983 0.8013 0 0 0 1 0 0 0.342 0.9397 0 0 0.2419 0.9703 0 0 0 1 0 0 0.5373 0.8434 0 0 0.3867 0.9222 0 0 0.1305 0.9914 0 0 0.5373 0.8434 0 0 0.3867 0.9222 0.3798 -0.519 0.2759 0.7143 0 0 0 1 0 0 0 1
end
weapon pistol twist 0
chest 0.03 0.4063 0.5977 -0.0436 0 0 0.999
hand R -0.0049 -0.0533 -0.1115 -0.6445 0.0847 0.0722 0.7565
elbow R 0.1093 -0.1898 -0.308
fingers R 0 0 -0.1521 0.9884 0 0 -0.2164 0.9763 0 0 -0.1736 0.9848 0 0 -0.5736 0.8192 0 0 -0.3827 0.9239 0 0 -0.2714 0.9625 0 0 -0.6428 0.766 0 0 -0.3007 0.9537 0 0 -0.2122 0.9772 0 0 -0.7071 0.7071 0 0 -0.0436 0.999 0 0 -0.0305 0.9995 -0.2059 -0.1361 -0.0289 0.9686 0.2605 -0.1503 0 0.9537 0.2095 -0.1209 0 0.9703
hand L -0.0571 -0.0404 -0.0936 -0.5092 0.0881 0.1243 0.847
elbow L -0.1488 -0.1355 -0.3234
fingers L 0 0 0.5 0.866 0 0 0 1 0 0 0 1 0 0 0.4226 0.9063 0 0 0.0872 0.9962 0 0 0.061 0.9981 0 0 0.4226 0.9063 0 0 0.0436 0.999 0 0 0.0305 0.9995 0 0 0.4226 0.9063 0 0 0 1 0 0 0 1 0.3116 -0.5872 0.2614 0.6998 0 0 0 1 0 0 0 1
end
weapon rifle twist 34
chest -0.0792 0.1991 0.3275 -0.0424 -0.3761 0.0012 0.9256
hand R -0.0026 -0.0436 -0.1315 -0.5969 0.0852 0.0617 0.7954
elbow R 0.1988 -0.1618 -0.2568
fingers R 0 0 -0.1067 0.9943 0 0 -0.1521 0.9884 0 0 -0.1219 0.9925 0 0 -0.5 0.866 0 0 -0.4226 0.9063 0 0 -0.3007 0.9537 0 0 -0.5373 0.8434 0 0 -0.3827 0.9239 0 0 -0.2714 0.9625 0 0 -0.6756 0.7373 0 0 -0.1305 0.9914 0 0 -0.0915 0.9958 -0.0534 0.6412 0.0448 0.7642 0.2605 -0.1503 0 0.9537 0.2095 -0.1209 0 0.9703
hand L -0.0478 -0.0448 0.1916 -0.3525 -0.1938 0.6713 0.6225
elbow L -0.1972 -0.2277 0.0713
fingers L 0 0 0.766 0.6428 0 0 0.6428 0.766 0 0 0.4695 0.8829 0 0 0 1 0 0 0.2164 0.9763 0 0 0.1521 0.9884 0 0 0 1 0 0 0.4226 0.9063 0 0 0.3007 0.9537 0 0 0.1736 0.9848 0 0 0.3827 0.9239 0 0 0.2714 0.9625 0.2074 -0.0682 0.0145 0.9758 0 0 0 1 0 0 0 1
end
weapon shotgun twist 36
chest -0.1624 0.2243 0.3832 -0.0423 -0.397 0.0013 0.9168
hand R 0.0287 0.0284 -0.1967 -0.2855 0.0142 0.0475 0.9571
elbow R 0.2184 -0.0898 -0.3392
fingers R 0 0 -0.1219 0.9925 0 0 -0.1736 0.9848 0 0 -0.1392 0.9903 0 0 -0.5736 0.8192 0 0 -0.0436 0.999 0 0 -0.0305 0.9995 0 0 -0.5736 0.8192 0 0 0 1 0 0 0 1 0 0 -0.5373 0.8434 0 0 0 1 0 0 0 1 -0.2518 -0.391 -0.1121 0.8782 0 0 0 1 0 0 0 1
hand L -0.0478 -0.0723 0.2316 -0.3525 -0.1938 0.6713 0.6225
elbow L -0.1843 -0.1774 0.0302
fingers L 0 0 0.766 0.6428 0 0 0.6088 0.7934 0 0 0.4423 0.8969 0 0 0 1 0 0 0.2164 0.9763 0 0 0.1521 0.9884 0 0 0.0436 0.999 0 0 0.3827 0.9239 0 0 0.2714 0.9625 0 0 0.2164 0.9763 0 0 0.3007 0.9537 0 0 0.2122 0.9772 0.1392 0 0 0.9903 0 0 0 1 0 0 0 1
end
weapon smg twist 30
chest -0.0173 0.1629 0.302 -0.0427 -0.3337 0.0011 0.9417
hand R 0 -0.0689 -0.1146 -0.6673 0.076 0.0674 0.7379
elbow R 0.1977 -0.1867 -0.2462
fingers R 0 0 -0.1219 0.9925 0 0 -0.1736 0.9848 0 0 -0.1392 0.9903 0 0 -0.6088 0.7934 0 0 -0.3007 0.9537 0 0 -0.2122 0.9772 0 0 -0.6428 0.766 0 0 -0.2164 0.9763 0 0 -0.1521 0.9884 0 0 -0.6428 0.766 0 0 -0.0872 0.9962 0 0 -0.061 0.9981 -0.1066 0.6365 0.0895 0.7586 0.2605 -0.1503 0 0.9537 0.2095 -0.1209 0 0.9703
hand L -0.0478 -0.0598 0.1216 -0.3525 -0.1938 0.6713 0.6225
elbow L -0.2173 -0.2473 0.0419
fingers L 0 0 0.766 0.6428 0 0 0.6756 0.7373 0 0 0.4962 0.8682 0 0 0 1 0 0 0.2588 0.9659 0 0 0.1822 0.9833 0 0 0 1 0 0 0.4617 0.887 0 0 0.3297 0.9441 0 0 0.1305 0.9914 0 0 0.4226 0.9063 0 0 0.3007 0.9537 0.2074 -0.0682 0.0145 0.9758 0 0 0 1 0 0 0 1
end
weapon sniper twist 38
chest -0.2413 0.2203 0.4247 -0.0422 -0.4177 0.0014 0.9076
hand R 0.0324 -0.0057 -0.1857 -0.3826 0.1015 0.0399 0.9174
elbow R 0.1845 -0.0754 -0.3913
fingers R 0 0 -0.1972 0.9804 0 0 -0.2798 0.96 0 0 -0.225 0.9744 0 0 -0.6428 0.766 0 0 0 1 0 0 0 1 0 0 -0.6088 0.7934 0 0 0 1 0 0 0 1 0 0 -0.5736 0.8192 0 0 0 1 0 0 0 1 -0.52 -0.4503 -0.3778 0.6197 0.1504 -0.0868 0 0.9848 0.1205 -0.0695 0 0.9903
hand L -0.0478 -0.072 0.1716 -0.3525 -0.1938 0.6713 0.6225
elbow L -0.1795 -0.1654 -0.0386
fingers L 0 0 0.766 0.6428 0 0 0.7071 0.7071 0 0 0.5225 0.8526 0 0 0 1 0 0 0.2588 0.9659 0 0 0.1822 0.9833 0 0 0.0872 0.9962 0 0 0.342 0.9397 0 0 0.2419 0.9703 0 0 0.3007 0.9537 0 0 0.2164 0.9763 0 0 0.1521 0.9884 0.1388 0.0691 -0.0097 0.9879 0 0 0 1 0 0 0 1
end
melee bat
attach -0.036 -0.027 -0.0977 0.2588 0 0 0.9659
hand L -0.036 0.0722 -0.0149 -0.2588 0 0 0.9659
strike 1 0.62 0.56
strike 2 0.6 0.55
strike 3 0.85 0.62
end
melee katana
attach -0.036 0.0227 -0.1561 0.2924 0 0 0.9563
hand L -0.036 0.0685 0.0292 -0.2924 0 0 0.9563
strike 1 0.46 0.52
strike 2 0.46 0.52
strike 3 0.46 0.52
strike 4 0.62 0.6
strike 5 0.52 0.5
end
melee knife
attach -0.036 -0.0929 0.019 0.2079 0 0 0.9781
strike 1 0.32 0.52
strike 2 0.32 0.52
strike 3 0.42 0.5
end
